Multiple size <= 100
TEST 1 ARG:37 41 12 94 9 21 19 76 72 71 35 54 45 28 18 46 79 69 70 81 0 22 25 14 1 17 88 66 49 65 34 3 73 27 53 23 56 11 5 80 64 96 36 40 63 62 7 87 48 16 78 8 91 51 6 2 90 74 89 95 29 24 83 92 98 38 99 55 68 15 52 75 57 39 97 93 10 85 4 86 13 44 42 59 26 61 58 77 84 60 47 31 43 33 32 30 50 67 82 20
TEST 2 ARG:65 88 24 93 40 18 4 81 7 23 83 28 39 48 36 45 78 73 98 72 34 62 96 11 52 42 27 91 58 21 41 79 31 97 77 53 25 44 54 56 51 19 49 12 1 57 32 10 87 43 82 22 85 47 30 86 13 68 70 9 0 99 33 76 59 5 6 20 15 84 14 69 89 64 67 74 8 60 61 94 17 26 2 80 3 92 50 66 37 38 29 71 16 95 75 90 35 63 46 55
TEST 3 ARG:76 99 30 87 77 69 92 37 66 7 47 82 48 62 78 71 88 16 56 42 22 55 44 93 75 24 29 17 3 74 98 58 6 19 95 8 96 49 34 2 9 86 50 79 72 90 68 28 4 10 53 39 97 91 51 81 73 38 12 84 65 5 27 14 45 26 25 11 57 85 41 1 20 21 83 46 63 60 64 59 33 54 0 67 13 23 52 15 36 18 32 94 61 80 35 31 40 89 70 43
TEST 4 ARG:80 38 0 30 39 13 68 4 17 18 24 66 19 36 6 99 96 87 88 77 34 40 3 33 64 65 53 73 20 95 56 83 82 86 7 75 60 43 2 9 58 57 81 22 16 14 32 70 92 1 85 52 47 31 51 94 41 69 93 10 48 98 91 84 37 11 8 54 55 29 27 79 50 28 61 21 46 97 25 71 76 63 45 78 67 89 26 5 35 74 49 62 44 15 42 23 72 59 90 12
TEST 5 ARG:51 92 39 57 65 67 16 97 7 43 79 27 83 42 5 1 84 85 15 98 44 94 37 74 73 47 78 99 32 24 17 46 89 13 36 56 18 26 86 35 58 63 48 49 38 20 75 70 11 6 4 76 10 88 59 2 66 21 40 95 93 55 34 54 69 52 81 53 33 3 23 96 77 91 82 28 29 61 50 80 0 14 41 8 87 19 30 45 25 22 90 12 71 68 72 31 60 9 62 64
TEST 6 ARG:6 74 29 37 24 5 30 47 60 65 98 72 12 87 49 55 80 88 14 57 9 8 68 0 97 19 33 91 45 71 43 16 41 75 84 39 40 23 17 69 76 79 56 42 58 93 54 46 70 18 85 94 96 99 44 66 89 20 95 15 22 3 32 78 38 59 73 28 51 86 26 36 48 64 34 52 21 10 61 62 25 35 81 63 11 90 7 67 13 53 92 82 1 31 2 77 4 27 83 50
TEST 7 ARG:42 64 34 83 36 15 94 65 52 9 26 31 66 45 39 49 85 37 17 71 67 38 54 90 57 99 70 84 33 43 5 59 8 4 44 18 72 50 68 53 35 16 14 1 32 0 58 10 77 92 78 89 87 6 47 91 40 95 48 21 56 79 96 80 25 55 29 62 74 75 46 19 86 63 93 69 7 2 60 61 22 3 73 76 88 13 98 27 12 97 81 23 28 82 11 20 24 30 41 51
TEST 8 ARG:18 52 91 83 0 26 99 82 44 57 13 97 20 40 21 60 31 93 29 66 10 84 88 3 48 45 17 80 16 61 39 78 76 9 63 46 62 33 12 4 64 74 58 41 15 96 71 23 81 35 8 27 86 94 24 98 25 73 51 22 95 79 37 89 7 59 87 55 50 34 36 14 30 56 1 19 70 38 43 68 90 5 32 85 53 75 47 69 72 28 49 67 65 77 6 2 92 11 54 42
TEST 9 ARG:34 18 0 15 21 22 70 85 38 96 90 30 46 10 86 79 40 19 54 45 8 7 37 95 93 9 31 59 41 2 25 26 97 48 74 62 89 66 14 52 12 1 35 33 6 72 3 24 16 81 4 50 17 43 23 68 76 57 64 56 55 53 75 88 47 87 78 29 65 82 27 49 73 69 36 67 94 61 71 20 98 63 11 91 84 39 13 51 80 77 42 60 99 28 58 5 83 92 32 44
TEST 10 ARG:90 61 88 41 22 53 76 47 17 44 45 4 63 46 57 40 80 11 24 29 83 9 79 48 19 58 54 25 68 14 98 39 67 94 16 12 59 32 7 13 65 43 70 66 15 56 73 78 60 26 62 36 77 86 23 42 93 51 75 38 30 2 91 69 71 87 1 18 82 55 92 5 35 10 21 27 99 20 31 74 8 52 89 34 28 64 85 97 37 49 50 84 33 96 6 95 72 81 0 3
TEST 11 ARG:21 25 74 65 38 54 26 66 86 12 48 32 70 17 44 92 77 13 95 51 10 47 0 79 9 24 28 99 64 94 11 7 73 80 69 29 39 18 85 27 33 96 58 62 31 42 49 20 87 30 36 68 63 45 81 78 16 76 8 75 98 97 40 72 1 60 93 55 88 82 41 52 37 43 19 23 35 3 15 84 59 89 53 46 67 22 56 57 14 90 83 91 4 71 2 34 6 50 61 5
TEST 12 ARG:56 82 54 35 1 10 23 46 58 24 18 91 11 87 88 48 30 73 27 4 97 7 26 75 63 89 34 19 8 41 47 17 92 9 98 42 6 43 65 51 60 71 93 79 29 83 2 62 22 28 37 0 59 14 85 45 40 69 68 20 81 70 38 36 67 80 90 78 76 3 33 39 64 12 95 74 13 50 25 44 77 66 61 84 16 57 21 96 72 86 53 55 15 99 49 94 32 31 52 5
TEST 13 ARG:38 23 27 14 36 74 24 73 22 19 49 1 47 62 90 43 37 72 75 59 85 64 34 17 67 51 35 57 87 45 84 80 54 42 21 28 83 97 6 82 44 68 48 25 60 5 32 0 94 77 61 71 93 78 70 3 55 9 98 16 39 20 69 99 86 40 12 41 29 53 46 63 50 81 8 13 4 79 33 76 66 89 26 7 92 58 15 31 56 52 95 65 88 91 18 10 2 30 11 96
TEST 14 ARG:17 98 92 14 75 6 90 11 33 97 68 2 87 47 76 39 50 19 82 57 94 85 83 66 36 10 22 64 38 95 60 78 31 1 73 7 59 54 49 23 37 62 0 86 45 40 61 56 88 80 21 53 29 79 28 26 25 69 65 5 89 84 70 67 20 72 93 44 9 32 18 71 81 96 51 12 34 99 46 8 63 16 48 24 15 35 91 13 3 77 52 58 41 55 74 30 4 43 42 27
